00000000000
00000011111
00000111110
00001100100
00010000011
00010100010
00011001000
00011100111
00100000110
00000000001
00000100000
00000111111
00001100101
00010000100
00010100011
00011001001
00011101000
00100000111
00000000010
00000100001
00001000000
00001100110
00010000101
00010100100
00011001010
00011101001
00100001000
00000000011
00000100010
00001000001
00001100111
00010000110
00010100101
00011001011
00011101010
00100001001
00000000100
00000100011
00001000010
00001101000
00010000111
00010100110
00011001100
00011101011
00100001010
00000000101
00000100100
00001000011
00001101001
00010001000
00010100111
00011001101
00011101100
00100001011
00000000110
00000100101
00001000100
00001101010
00010001001
00010101000
00011001110
00011101101
00100001100
00000000111
00000100110
00001000101
00001101011
00010001010
00010101001
00011001111
00011101110
00100001101
